0, 0
0.387099, 0
0.723262, 0
1, 0
1.5234, 0
5.20254, 0
9.54545, 0
19.1912, 0
30.0668, 0
39.4786, 0


2.3759e-05, 0
-2.94963, 1.60708
-0.232519, 1.17571
0.500013, 0.999869
1.30798, 0.810067
5.18407, 0.438351
9.53994, 0.323627
19.1898, 0.228239
30.0663, 0.182346
39.4783, 0.159133


8.68249e-05, 6.98122e-06
-6.20852, 3.17175
-1.05317, 1.66843
-0.357811, 1.28405
0.733443, 1.39768
5.12881, 0.873589
9.52341, 0.646884
19.1857, 0.456447
30.0646, 0.364686
39.4773, 0.318264


0.000187236, 2.23783e-05
-9.44908, 4.72705
-1.73668, 1.94395
-1.0645, 1.02611
-0.0275423, 1.62984
5.03714, 1.30262
9.49588, 0.969399
19.1789, 0.684589
30.0619, 0.547013
39.4757, 0.477389


0.000323861, 4.82748e-05
-12.6816, 6.27836
-2.32211, 2.10972
-1.44184, 0.450784
-0.782087, 1.4857
4.90971, 1.72241
9.45738, 1.2908
19.1694, 0.912636
30.058, 0.729319
39.4735, 0.636507


0.000495558, 8.69406e-05
-15.9097, 7.82744
-2.83233, 2.20719
-1.40107, -0.255203
-1.37132, 1.02772
4.74744, 2.12996
9.40797, 1.61073
19.1572, 1.14055
30.053, 0.911599
39.4706, 0.795614


0.000701007, 0.0001405
-19.1349, 9.37512
-3.28136, 2.257
-0.875535, -0.872887
-1.68811, 0.365675
4.55148, 2.52238
9.34769, 1.9288
19.1422, 1.36831
30.0469, 1.09384
39.467, 0.954708


0.000938927, 0.000210526
-22.3581, 10.9218
-3.67844, 2.2711
0.113039, -1.02923
-1.67753, -0.367215
4.32322, 2.8969
9.27661, 2.24467
19.1245, 1.59587
30.0397, 1.27605
39.4628, 1.11379


0.00120945, 0.000298195
-25.5799, 12.4678
-4.02999, 2.25711
1.00068, -0.258487
-1.33603, -1.02766
4.06429, 3.25086
9.19483, 2.55795
19.1041, 1.82321
30.0314, 1.45821
39.458, 1.27285


0.00151325, 0.000408029
-28.8006, 14.0133
-4.34064, 2.22023
0.980155, 0.747449
-0.715838, -1.47387
3.77653, 3.58173
9.10244, 2.8683
19.081, 2.05029
30.022, 1.64032
39.4526, 1.43189


0.00184723, 0.000544233
-32.0203, 15.5583
-4.61383, 2.16422
0.435279, 1.35314
0.0671395, -1.58554
3.46199, 3.88719
8.99953, 3.17535
19.0552, 2.27708
30.0114, 1.82236
39.4464, 1.59091


0.00220817, 0.000709163
-35.2394, 17.103
-4.85216, 2.09187
-0.260812, 1.48681
0.83381, -1.3007
3.1229, 4.16507
8.88624, 3.47875
19.0267, 2.50355
29.9998, 2.00434
39.4397, 1.7499


0.0025931, 0.000904691
-38.4579, 18.6474
-5.0576, 2.00536
-0.880345, 1.1882
1.37475, -0.662546
2.76167, 4.41339
8.76269, 3.77814
18.9955, 2.72967
29.987, 2.18624
39.4323, 1.90886


0.00299902, 0.00113244
-41.6759, 20.1916
-5.23165, 1.90643
-1.22727, 0.523076
1.52814, 0.163031
2.38087, 4.63041
8.62903, 4.07319
18.9616, 2.9554
29.9732, 2.36807
39.4243, 2.06779


0.00342257, 0.00139362
-44.8935, 21.7355
-5.37539, 1.79648
-1.05872, -0.360701
1.25879, 0.943779
1.98322, 4.81458
8.4854, 4.36355
18.925, 3.18071
29.9583, 2.54981
39.4156, 2.22669


0.00386027, 0.00168818
-48.1107, 23.2793
-5.48962, 1.67669
-0.13852, -0.988213
0.664898, 1.48094
1.57152, 4.96461
8.33198, 4.64889
18.8857, 3.40558
29.9422, 2.73145
39.4062, 2.38555


0.00431105, 0.00201507
-51.3276, 24.823
-5.57484, 1.54807
0.924033, -0.626062
-0.0843871, 1.6704
1.14871, 5.07943
8.16893, 4.92886
18.8437, 3.62996
29.925, 2.913
39.3963, 2.54438


0.00477438, 0.00237677
-54.5442, 26.3664
-5.63128, 1.41149
1.32081, 0.190781
-0.814625, 1.50219
0.717795, 5.15824
7.99645, 5.20316
18.7991, 3.85383
29.9068, 3.09443
39.3857, 2.70316


0.0052469, 0.00277547
-57.7606, 27.9098
-5.65897, 1.26773
1.15751, 0.927483
-1.38069, 1.03358
0.281826, 5.20049
7.81473, 5.47146
18.7518, 4.07715
29.8874, 3.27576
39.3744, 2.8619


0.00572495, 0.00321215
-60.9767, 29.4531
-5.65766, 1.11751
0.636905, 1.3775
-1.67778, 0.364976
-0.1561, 5.20589
7.62399, 5.73344
18.7019, 4.2999
29.8669, 3.45696
39.3625, 3.02059


0.00620496, 0.00368719
-64.1927, 30.9963
-5.62688, 0.961503
-0.0662002, 1.43024
-1.64511, -0.374445
-0.592873, 5.17439
7.42443, 5.98881
18.6493, 4.52204
29.8454, 3.63804
39.35, 3.17923


0.00668329, 0.00420071
-67.4085, 32.5394
-5.56589, 0.800381
-0.744466, 0.993549
-1.27278, -1.03606
-1.02539, 5.10623
7.2163, 6.23727
18.594, 4.74354
29.8227, 3.81898
39.3368, 3.33783


0.00715583, 0.00475235
-70.6241, 34.0824
-5.47364, 0.634813
-1.03085, 0.0407574
-0.615103, -1.46564
-1.45059, 5.00189
6.99982, 6.47852
18.5361, 4.96436
29.7989, 3.99978
39.323, 3.49636


0.00761807, 0.00533998
-73.8396, 35.6253
-5.34873, 0.465513
-0.390779, -0.94413
0.195455, -1.53395
-1.86545, 4.86213
6.77525, 6.71229
18.4756, 5.18449
29.7741, 4.18043
39.3085, 3.65485


0.00806887, 0.00596
-77.0549, 37.1682
-5.18933, 0.293276
0.614227, -1.05925
0.955634, -1.18944
-2.26703, 4.68794
6.54284, 6.9383
18.4124, 5.40388
29.7481, 4.36094
39.2934, 3.81327


0.0085076, 0.0066122
-80.2701, 38.711
-4.99306, 0.119031
1.28997, -0.595729
1.44882, -0.508118
-2.65248, 4.48055
6.30287, 7.1563
18.3467, 5.62251
29.721, 4.54128
39.2777, 3.97163


0.00893195, 0.00729641
-83.4852, 40.2538
-4.75682, -0.0560765
1.51431, 0.0799871
1.53939, 0.317034
-3.01905, 4.24145
6.0556, 7.36602
18.2783, 5.84034
29.6929, 4.72145
39.2613, 4.12992


0.00933931, 0.00801185
-86.7002, 41.7965
-4.47654, -0.230557
1.29891, 0.734496
1.22796, 1.0608
-3.36416, 3.97233
5.80132, 7.56721
18.2074, 6.05734
29.6636, 4.90145
39.2443, 4.28815


0.0097271, 0.00875742
-89.9151, 43.3392
-4.14677, -0.402355
0.685796, 1.16499
0.624724, 1.55248
-3.68534, 3.6751
5.54033, 7.75965
18.1338, 6.27349
29.6333, 5.08127
39.2267, 4.44631


0.0100926, 0.00953197
-93.13, 44.8818
-3.75994, -0.568454
-0.208724, 1.11429
-0.112573, 1.70773
-3.98033, 3.35188
5.27293, 7.94311
18.0577, 6.48875
29.6018, 5.26091
39.2084, 4.6044


0.0104324, 0.0103342
-96.3447, 46.4244
-3.30517, -0.724072
-0.950101, 0.290238
-0.825066, 1.51895
-4.24701, 3.00496
4.99942, 8.11737
17.9791, 6.70309
29.5693, 5.44035
39.1894, 4.76241


0.010742, 0.0111604
-99.5593, 47.9669
-2.76576, -0.860875
-0.732381, -0.813276
-1.37471, 1.03603
-4.48351, 2.63681
4.72011, 8.28223
17.8978, 6.91647
29.5357, 5.61959
39.1698, 4.92034


0.011021, 0.0120053
-102.774, 49.5095
-2.11372, -0.962239
0.0287933, -1.31381
-1.65372, 0.352907
-4.68813, 2.25004
4.43534, 8.43749
17.8141, 7.12888
29.501, 5.79862
39.1496, 5.0782


0.0112692, 0.0128663
-105.988, 51.0519
-1.29535, -0.987273
0.782322, -1.24559
-1.59353, -0.399653
-4.85943, 1.8474
4.14543, 8.58297
17.7278, 7.34028
29.4652, 5.97744
39.1288, 5.23597


0.011486, 0.0137409
-109.203, 52.5944
-0.183727, -0.787784
1.29599, -0.785908
-1.18062, -1.0615
-4.99617, 1.43175
3.85071, 8.7185
17.639, 7.55064
29.4283, 6.15604
39.1073, 5.39366


0.0116704, 0.0146238
-112.417, 54.1368
1.27558, 0.839386
1.43882, -0.0953661
-0.479618, -1.46345
-5.0974, 1.00604
3.55154, 8.84391
17.5476, 7.75993
29.3903, 6.33441
39.0852, 5.55126


0.0118238, 0.0155167
-115.632, 55.6792
2.36718, 2.22663
1.095, 0.632689
0.351363, -1.47422
-5.16238, 0.573296
3.24824, 8.95906
17.4538, 7.96812
29.3512, 6.51256
39.0624, 5.70877


0.0119453, 0.0164174
-118.846, 57.2215
3.38891, 3.54829
0.192114, 1.04222
1.08713, -1.06735
-5.19064, 0.1366
2.94117, 9.06381
17.3576, 8.17518
29.3111, 6.69046
39.039, 5.86619


0.0120334, 0.0173247
-122.06, 58.7639
4.38169, 4.83969
-0.870284, 0.543746
1.52069, -0.355873
-5.18199, -0.300947
2.6307, 9.15804
17.2588, 8.38108
29.2699, 6.86811
39.015, 6.02351


0.012085, 0.0182345
-125.274, 60.3062
5.3586, 6.1136
-1.1192, -0.440112
1.55231, 0.455032
-5.13648, -0.736234
2.31718, 9.24163
17.1576, 8.58579
29.2276, 7.04552
38.9903, 6.18073


0.012101, 0.0191415
-128.488, 61.8485
6.32546, 7.37608
-0.746093, -1.17193
1.20857, 1.15949
-5.05442, -1.16617
2.00097, 9.31448
17.054, 8.78929
29.1842, 7.22266
38.965, 6.33786


0.0120827, 0.0200425
-131.702, 63.3908
7.28538, 8.63049
-0.103667, -1.48059
0.599828, 1.6114
-4.9364, -1.58768
1.68244, 9.3765
16.9479, 8.99154
29.1397, 7.39954
38.939, 6.49488


0.0120316, 0.0209346
-134.916, 64.933
8.24021, 9.87889
0.572667, -1.3491
-0.129317, 1.73735
-4.78325, -1.99778
1.36197, 9.42762
16.8394, 9.19251
29.0942, 7.57615
38.9125, 6.6518


0.0119491, 0.0218151
-138.13, 66.4752
9.19114, 11.1226
1.07614, -0.795263
-0.830811, 1.52727
-4.59605, -2.39355
1.03991, 9.46778
16.7286, 9.39218
29.0476, 7.75247
38.8853, 6.80861


0.0118371, 0.0226815
-141.344, 68.0174
10.139, 12.3626
1.13896, 0.0968804
-1.36822, 1.02404
-4.37612, -2.77216
0.716662, 9.49691
16.6153, 9.59052
28.9999, 7.92852
38.8574, 6.9653


0.011698, 0.0235324
-144.558, 69.5596
11.0844, 13.5996
0.419686, 0.937531
-1.62726, 0.318767
-4.12503, -3.13092
0.392586, 9.515
16.4997, 9.7875
28.9512, 8.10427
38.8289, 7.12189


0.0115323, 0.0243679
-147.772, 71.1018
12.0277, 14.8341
-0.706462, 0.866699
-1.53146, -0.450465
-3.84456, -3.46728
0.0680651, 9.522
16.3818, 9.98308
28.9014, 8.27972
38.7998, 7.27836


0.0113388, 0.0251848
-150.986, 72.644
12.9692, 16.0664
-1.30309, 0.174603
-1.06899, -1.10689
-3.5367, -3.77883
-0.256524, 9.51792
16.2615, 10.1773
28.8505, 8.45487
38.7701, 7.43471


0.0111196, 0.0259793
-154.2, 74.1861
13.9093, 17.2969
-1.33199, -0.582069
-0.324636, -1.46793
-3.20363, -4.06335
-0.5808, 9.50274
16.1389, 10.37
28.7985, 8.62971
38.7397, 7.59094


0.0108773, 0.0267486
-157.414, 75.7282
14.8481, 18.5258
-0.941807, -1.14906
0.513201, -1.41286
-2.84771, -4.31881
-0.904387, 9.4765
16.014, 10.5612
28.7455, 8.80423
38.7087, 7.74705


0.0106146, 0.0274905
-160.627, 77.2704
15.7858, 19.7533
-0.27677, -1.37683
1.20929, -0.951694
-2.47149, -4.5434
-1.2269, 9.4392
15.8868, 10.751
28.6915, 8.97842
38.677, 7.90303


0.0103347, 0.0282031
-163.841, 78.8125
16.7226, 20.9796
0.485804, -1.12785
1.58208, -0.226467
-2.07762, -4.7355
-1.54797, 9.3909
15.7574, 10.9392
28.6363, 9.15229
38.6448, 8.05888


0.010041, 0.0288847
-167.055, 80.3546
17.6584, 22.2048
1.00492, -0.287015
1.56548, 0.561829
-1.66892, -4.89374
-1.86722, 9.33164
15.6257, 11.1259
28.5802, 9.32582
38.6119, 8.2146


0.00973827, 0.0295354
-170.268, 81.8966
18.5935, 23.429
0.649253, 0.831549
1.19893, 1.23021
-1.24828, -5.01699
-2.18427, 9.26149
15.4919, 11.311
28.5229, 9.499
38.5783, 8.37019


0.00942825, 0.0301573
-173.482, 83.4387
19.5279, 24.6523
-0.298934, 1.20702
0.585962, 1.64977
-0.818695, -5.10437
-2.49876, 9.18053
15.3558, 11.4945
28.4646, 9.67184
38.5442, 8.52565


0.00911144, 0.0307496
-176.696, 84.9808
20.4616, 25.8749
-1.07587, 0.928901
-0.140484, 1.75057
-0.383227, -5.15525
-2.8103, 9.08886
15.2175, 11.6764
28.4053, 9.84432
38.5094, 8.68096


0.00879, 0.0313109
-179.909, 86.5228
21.3948, 27.0967
-1.46452, 0.329337
-0.837856, 1.51706
0.0550298, -5.16927
-3.11855, 8.98657
15.0771, 11.8566
28.3449, 10.0164
38.474, 8.83614


0.00846661, 0.0318404
-183.123, 88.0648
22.3274, 28.3178
-1.41937, -0.358001
-1.36592, 0.98642
0.492958, -5.14631
-3.42312, 8.87379
14.9345, 12.0351
28.2835, 10.1882
38.4379, 8.99117


0.0081441, 0.0323374
-186.336, 89.6068
23.2596, 29.5384
-0.933853, -0.925139
-1.60066, 0.252039
0.927441, -5.08654
-3.72368, 8.75063
14.7897, 12.2119
28.221, 10.3596
38.4013, 9.14605


0.00782543, 0.0328016
-189.55, 91.1489
24.1913, 30.7584
-0.0595816, -1.0972
-1.45959, -0.533685
1.35539, -4.99038
-4.01985, 8.61726
14.6429, 12.387
28.1575, 10.5306
38.364, 9.30079


0.00751444, 0.0332323
-192.763, 92.6909
25.1227, 31.9779
0.861176, -0.490312
-0.94146, -1.17388
1.77376, -4.85851
-4.3113, 8.4738
14.494, 12.5603
28.0929, 10.7012
38.326, 9.45537


0.0072166, 0.033631
-195.977, 94.2328
26.0536, 33.1969
0.931901, 0.637851
-0.161162, -1.48066
2.17957, -4.69186
-4.59769, 8.32044
14.3431, 12.7318
28.0273, 10.8714
38.2875, 9.6098


0.00693415, 0.0340018
-199.19, 95.7748
26.9842, 34.4154
0.316531, 1.31766
0.666777, -1.35937
2.56994, -4.49163
-4.87866, 8.15736
14.19, 12.9015
27.9607, 11.0412
38.2483, 9.76408


0.00666806, 0.0343462
-202.404, 97.3168
27.9145, 35.6336
-0.433299, 1.43993
1.31468, -0.857885
2.94209, -4.25922
-5.1539, 7.98473
14.035, 13.0694
27.893, 11.2106
38.2085, 9.9182


0.00641999, 0.0346655
-205.617, 98.8588
28.8445, 36.8514
-1.04541, 1.12224
1.63309, -0.131686
3.29338, -3.9963
-5.42307, 7.80276
13.878, 13.2354
27.8243, 11.3796
38.1681, 10.0722


0.00619175, 0.0349611
-208.831, 100.401
29.7742, 38.0688
-1.35382, 0.490525
1.57946, 0.632515
3.6213, -3.70473
-5.68587, 7.61166
13.719, 13.3996
27.7546, 11.5482
38.1271, 10.2259


0.00598498, 0.0352344
-212.044, 101.943
30.7037, 39.2858
-1.20129, -0.295597
1.19577, 1.27131
3.92354, -3.38658
-5.94197, 7.41166
13.558, 13.5618
27.6838, 11.7163
38.0854, 10.3796


0.00580115, 0.0354867
-215.258, 103.485
31.6328, 40.5026
-0.433244, -0.913067
0.576488, 1.66532
4.19794, -3.04411
-6.19108, 7.20298
13.3951, 13.7221
27.612, 11.884
38.0431, 10.533


0.0056427, 0.0357183
-218.471, 105.027
32.5618, 41.719
0.719307, -0.699894
-0.1536, 1.7428
4.44255, -2.67977
-6.4329, 6.98587
13.2303, 13.8805
27.5393, 12.0513
38.0002, 10.6863


0.0055143, 0.0359319
-221.684, 106.568
33.4905, 42.9352
1.20902, 0.196524
-0.852077, 1.48155
4.65564, -2.29613
-6.66714, 6.76059
13.0636, 14.0368
27.4655, 12.2181
37.9567, 10.8394


0.00541728, 0.0361325
-224.898, 108.11
34.4191, 44.1511
1.02641, 1.00319
-1.36995, 0.91587
4.8357, -1.89593
-6.89353, 6.5274
12.8951, 14.1912
27.3906, 12.3845
37.9126, 10.9924


0.00535183, 0.0363233
-228.111, 109.652
35.3474, 45.3667
0.476718, 1.46212
-1.57177, 0.148041
4.98145, -1.482
-7.11181, 6.28656
12.7247, 14.3436
27.3148, 12.5504
37.8678, 11.1451


0.00531815, 0.0365074
-231.324, 111.194
36.2755, 46.5822
-0.212144, 1.5
-1.37455, -0.648055
5.09187, -1.05729
-7.3217, 6.03837
12.5525, 14.4939
27.238, 12.7159
37.8224, 11.2977


0.00531629, 0.0366875
-234.538, 112.736
37.2035, 47.7973
-0.833843, 1.08601
-0.799742, -1.25684
5.16616, -0.624813
-7.52297, 5.78311
12.3785, 14.6422
27.1601, 12.8809
37.7764, 11.4501


0.00534589, 0.0368663
-237.751, 114.278
38.1313, 49.0123
-1.10956, 0.239415
0.00271336, -1.49988
5.20382, -0.187639
-7.71536, 5.52109
12.2027, 14.7883
27.0812, 13.0454
37.7298, 11.6023


0.00540595, 0.0370458
-240.964, 115.82
39.0589, 50.2271
-0.619002, -0.746389
0.805924, -1.31947
5.20457, 0.25113
-7.89867, 5.25261
12.0252, 14.9324
27.0014, 13.2095
37.6826, 11.7543


0.00549691, 0.0372262
-244.177, 117.362
39.9864, 51.4416
0.49258, -0.953027
1.40432, -0.791912
5.16842, 0.68838
-8.07266, 4.97798
11.846, 15.0743
26.9205, 13.373
37.6348, 11.9062


0.00562145, 0.0374106
-247.391, 118.904
40.9138, 52.656
1.24178, -0.422841
1.67744, -0.0714947
5.09564, 1.12101
-8.23714, 4.69753
11.6651, 15.2141
26.8387, 13.5361
37.5863, 12.0578


0.00577956, 0.0376033
-250.604, 120.445
41.841, 53.8702
1.4524, 0.307909
1.59509, 0.672101
4.98673, 1.54595
-8.3919, 4.4116
11.4825, 15.3517
26.7559, 13.6987
37.5372, 12.2092


0.00597016, 0.0378082
-253.817, 121.987
42.768, 55.0842
1.20922, 0.953877
1.19568, 1.28909
4.84249, 1.96019
-8.53676, 4.12051
11.2983, 15.4871
26.672, 13.8607
37.4876, 12.3605


0.00619188, 0.0380284
-257.03, 123.529
43.695, 56.2981
0.618202, 1.335
0.565189, 1.66296
4.66394, 2.3608
-8.67155, 3.82461
11.1124, 15.6204
26.5872, 14.0223
37.4373, 12.5115


0.00644299, 0.0382672
-260.243, 125.071
44.6218, 57.5118
-0.180263, 1.27642
-0.175406, 1.71659
4.45236, 2.74493
-8.79611, 3.52424
10.925, 15.7514
26.5014, 14.1833
37.3864, 12.6623


0.00672106, 0.0385277
-263.457, 126.613
45.5485, 58.7254
-0.883591, 0.587181
-0.878163, 1.42135
4.20924, 3.10987
-8.9103, 3.21977
10.736, 15.8801
26.4147, 14.3438
37.3348, 12.813


0.0070223, 0.0388116
-266.67, 128.155
46.4751, 59.9388
-0.808485, -0.581738
-1.38091, 0.813607
3.93633, 3.45303
-9.01397, 2.91155
10.5455, 16.0066
26.3269, 14.5038
37.2827, 12.9634


0.00734482, 0.0391181
-269.883, 129.697
47.4016, 61.1521
0.0244488, -1.17399
-1.53806, 0.0129571
3.63555, 3.77199
-9.107, 2.59995
10.3535, 16.1308
26.2382, 14.6632
37.23, 13.1136


0.00768883, 0.0394488
-273.096, 131.238
48.328, 62.3652
0.847817, -1.08691
-1.27665, -0.780592
3.30906, 4.06448
-9.18929, 2.28532
10.16, 16.2527
26.1485, 14.8221
37.1766, 13.2636


0.008053, 0.0398064
-276.309, 132.78
49.2543, 63.5783
1.36839, -0.593836
-0.652257, -1.34236
2.95916, 4.32844
-9.26073, 1.96805
9.96505, 16.3722
26.0578, 14.9805
37.1227, 13.4134


0.00843527, 0.040193
-279.522, 134.322
50.1805, 64.7912
1.48646, 0.0867669
0.155863, -1.51956
2.58834, 4.56201
-9.32124, 1.64851
9.76868, 16.4895
25.9662, 15.1383
37.0682, 13.563


0.00883336, 0.0406109
-282.736, 135.864
51.1066, 66.0039
1.14745, 0.75301
0.925653, -1.29114
2.19924, 4.76353
-9.37076, 1.32708
9.5709, 16.6043
25.8736, 15.2955
37.013, 13.7123


0.0092447, 0.041062
-285.949, 137.406
52.0326, 67.2166
0.338524, 1.12528
1.47853, -0.747606
1.79461, 4.93157
-9.40921, 1.00413
9.37176, 16.7168
25.7801, 15.4522
36.9572, 13.8614


0.00966584, 0.0415489
-289.162, 138.947
52.9585, 68.4292
-0.696713, 0.752384
1.71455, -0.0339642
1.37732, 5.06496
-9.43655, 0.680053
9.17127, 16.8269
25.6856, 15.6083
36.9009, 14.0103


0.0100912, 0.0420722
-292.375, 140.489
53.8843, 69.6416
-1.03004, -0.326799
1.60754, 0.694908
0.950348, 5.16275
-9.45276, 0.355224
8.96947, 16.9347
25.5901, 15.7639
36.8439, 14.159


0.0105175, 0.0426297
-295.588, 142.031
54.8101, 70.854
-0.589533, -1.13152
1.18969, 1.2968
0.516707, 5.22425
-9.45782, 0.0300278
8.76639, 17.0399
25.4937, 15.9188
36.7863, 14.3074


0.0109435, 0.0432208
-298.801, 143.573
55.7358, 72.0662
0.112706, -1.42409
0.540668, 1.65289
0.0794768, 5.24904
-9.45171, -0.29515
8.56205, 17.1428
25.3964, 16.0732
36.7282, 14.4556


0.011367, 0.043846
-302.014, 145.115
56.6614, 73.2784
0.782961, -1.25549
-0.21722, 1.67827
-0.358241, 5.23693
-9.43445, -0.619924
8.35648, 17.2432
25.2981, 16.227
36.6694, 14.6036


0.0117856, 0.0445051
-305.227, 146.656
57.587, 74.4904
1.22962, -0.710347
-0.924258, 1.34011
-0.793341, 5.18802
-9.40606, -0.943913
8.14972, 17.3411
25.1989, 16.3802
36.61, 14.7514


0.0121969, 0.0451982
-308.44, 148.198
58.5124, 75.7024
1.26224, 0.091444
-1.40207, 0.684733
-1.22274, 5.10266
-9.36657, -1.26673
7.94179, 17.4366
25.0988, 16.5327
36.5501, 14.8988


0.0125985, 0.0459254
-311.653, 149.74
59.4379, 76.9143
0.656193, 0.869635
-1.50167, -0.141627
-1.64338, 4.98145
-9.31602, -1.588
7.73272, 17.5296
24.9977, 16.6847
36.4895, 15.0461


0.0129874, 0.0466877
-314.866, 151.282
60.3632, 78.1261
-0.513324, 0.926728
-1.17502, -0.915156
-2.05229, 4.82526
-9.25449, -1.90734
7.52254, 17.62
24.8957, 16.836
36.4284, 15.1931


0.0133577, 0.0474841
-318.079, 152.824
61.2885, 79.3378
-1.19472, 0.167656
-0.515738, -1.41935
-2.44657, 4.63519
-9.18205, -2.22437
7.31129, 17.7079
24.7928, 16.9868
36.3666, 15.3399


0.0137064, 0.0483111
-321.293, 154.365
62.2137, 80.5495
-1.201, -0.658533
0.283077, -1.53665
-2.8234, 4.4126
-9.09877, -2.53873
7.09899, 17.7933
24.6889, 17.1369
36.3043, 15.4864


0.0140315, 0.049166
-324.506, 155.907
63.1389, 81.761
-0.769692, -1.23005
1.01705, -1.2725
-3.18013, 4.15907
-9.00477, -2.85003
6.88566, 17.8762
24.5842, 17.2863
36.2413, 15.6326


0.0143315, 0.0500467
-327.719, 157.449
64.064, 82.9725
-0.106281, -1.42267
1.53141, -0.718964
-3.5142, 3.87639
-8.90016, -3.15791
6.67136, 17.9565
24.4785, 17.4352
36.1778, 15.7786


0.0146046, 0.050951
-330.932, 158.991
64.989, 84.184
0.594497, -1.15881
1.73742, -0.00912873
-3.82326, 3.56658
-8.78505, -3.46201
6.45609, 18.0342
24.372, 17.5833
36.1137, 15.9244


0.0148498, 0.0518764
-334.145, 160.532
65.914, 85.3953
1.05509, -0.393903
1.60711, 0.712445
-4.1051, 3.23182
-8.65959, -3.76196
6.2399, 18.1094
24.2645, 17.7309
36.049, 16.0699


0.0150664, 0.0528215
-337.358, 162.074
66.8389, 86.6066
0.798031, 0.678548
1.16595, 1.30508
-4.35771, 2.8745
-8.52392, -4.05743
6.02281, 18.1819
24.1561, 17.8778
35.9837, 16.2151


0.0152531, 0.0537863
-340.571, 163.616
67.7638, 87.8178
-0.23669, 1.12955
0.490831, 1.64318
-4.5793, 2.49716
-8.37822, -4.34805
5.80486, 18.2518
24.0469, 18.024
35.9178, 16.3601


0.0154053, 0.0547689
-343.784, 165.158
68.6887, 89.0289
-1.08466, 0.78296
-0.288483, 1.6332
-4.76829, 2.10248
-8.22265, -4.63349
5.58608, 18.3192
23.9367, 18.1695
35.8513, 16.5048


0.015521, 0.055765
-346.997, 166.699
69.6135, 90.24
-1.45357, 0.119239
-0.994679, 1.24318
-4.92332, 1.69326
-8.0574, -4.91341
5.36649, 18.3839
23.8257, 18.3144
35.7843, 16.6492


0.0155991, 0.0567708
-350.209, 168.241
70.5382, 91.4511
-1.3605, -0.56442
-1.43433, 0.539785
-5.0433, 1.27241
-7.88266, -5.18748
5.14614, 18.4459
23.7138, 18.4586
35.7166, 16.7934


0.0156391, 0.0577828
-353.422, 169.783
71.4629, 92.662
-0.867646, -1.06756
-1.46784, -0.298922
-5.12737, 0.842925
-7.69865, -5.45537
4.92505, 18.5053
23.601, 18.6022
35.6484, 16.9372


0.0156406, 0.0587972
-356.635, 171.325
72.3876, 93.8729
-0.0731515, -1.18633
-1.08376, -1.03719
-5.17491, 0.407857
-7.50558, -5.71678
4.70325, 18.5621
23.4873, 18.745
35.5796, 17.0809


0.0156042, 0.0598102
-359.848, 172.866
73.3122, 95.0838
0.766956, -0.664967
-0.405858, -1.48248
-5.18559, -0.0296954
-7.30368, -5.9714
4.48077, 18.6162
23.3727, 18.8871
35.5102, 17.2242


0.0155321, 0.0608187
-363.061, 174.408
74.2367, 96.2946
0.946638, 0.493438
0.375131, -1.55041
-5.15932, -0.466619
-7.0932, -6.21893
4.25765, 18.6676
23.2573, 19.0286
35.4402, 17.3672


0.0154252, 0.0618227
-366.274, 175.95
75.1613, 97.5053
0.265965, 1.2521
1.07616, -1.26021
-5.09629, -0.899802
-6.87437, -6.45907
4.03392, 18.7164
23.1411, 19.1693
35.3697, 17.51


0.0152819, 0.0628201
-369.487, 177.492
76.0858, 98.716
-0.553952, 1.34936
1.55933, -0.69853
-4.99693, -1.32616
-6.64747, -6.69154
3.80961, 18.7625
23.0239, 19.3094
35.2986, 17.6525


0.0151019, 0.0638073
-372.7, 179.033
77.0102, 99.9267
-1.16947, 0.984558
1.73986, 0.0123674
-4.86195, -1.74265
-6.41276, -6.91608
3.58476, 18.8058
22.9059, 19.4487
35.2269, 17.7947


0.0148858, 0.0647808
-375.913, 180.575
77.9346, 101.137
-1.43427, 0.347089
1.58466, 0.733271
-4.69231, -2.14632
-6.17051, -7.13242
3.35939, 18.8465
22.7871, 19.5873
35.1546, 17.9366


0.0146344, 0.0657375
-379.126, 182.117
78.859, 102.348
-1.24882, -0.37814
1.11338, 1.31957
-4.4892, -2.53427
-5.92102, -7.3403
3.13353, 18.8845
22.6674, 19.7252
35.0817, 18.0782


0.0143491, 0.0666736
-382.339, 183.658
79.7833, 103.558
-0.537326, -0.918579
0.404963, 1.63526
-4.25408, -2.90374
-5.66457, -7.53948
2.90723, 18.9197
22.5469, 19.8623
35.0083, 18.2195


0.0140318, 0.0675853
-385.552, 185.2
80.7076, 104.769
0.557281, -0.774745
-0.395951, 1.57958
-3.9886, -3.25211
-5.40147, -7.72973
2.68051, 18.9522
22.4256, 19.9988
34.9343, 18.3606


0.0136872, 0.0684696
-388.765, 186.742
81.6319, 105.979
1.11236, 0.205572
-1.09025, 1.13062
-3.69467, -3.57688
-5.13203, -7.91083
2.4534, 18.982
22.3034, 20.1344
34.8597, 18.5013


0.0133181, 0.0693271
-391.978, 188.284
82.5561, 107.19
0.857966, 1.08486
-1.47751, 0.386194
-3.37437, -3.87574
-4.85656, -8.08256
2.22595, 19.0091
22.1804, 20.2694
34.7846, 18.6417


0.0129254, 0.0701565
-395.191, 189.825
83.4803, 108.4
0.237047, 1.52347
-1.4437, -0.447776
-3.02997, -4.14655
-4.57539, -8.24472
1.99817, 19.0335
22.0565, 20.4036
34.7089, 18.7818


0.0125106, 0.070956
-398.403, 191.367
84.4045, 109.61
-0.454368, 1.50501
-1.0157, -1.14163
-2.66394, -4.38739
-4.28884, -8.39713
1.7701, 19.0551
21.9319, 20.537
34.6326, 18.9216


0.0120758, 0.0717238
-401.616, 192.909
85.3286, 110.82
-1.00969, 1.06846
-0.331856, -1.53379
-2.27889, -4.59654
-3.99726, -8.53961
1.54179, 19.0739
21.8064, 20.6697
34.5558, 19.0612


0.011623, 0.072458
-404.829, 194.45
86.2527, 112.031
-1.21369, 0.289164
0.429642, -1.56333
-1.87754, -4.7725
-3.70097, -8.67199
1.31325, 19.09
21.6802, 20.8016
34.4784, 19.2004


0.0111544, 0.0731569
-408.042, 195.992
87.1768, 113.241
-0.781714, -0.602652
1.10425, -1.25302
-1.46277, -4.91402
-3.40033, -8.79413
1.08452, 19.1034
21.5531, 20.9327
34.4004, 19.3392


0.0106726, 0.0738172
-411.255, 197.534
88.1008, 114.451
0.351449, -0.896848
1.56348, -0.681502
-1.03753, -5.0201
-3.0957, -8.90588
0.855639, 19.114
21.4252, 21.0631
34.3219, 19.4778


0.0101837, 0.0744373
-414.468, 199.075
89.0248, 115.661
1.1716, -0.299547
1.72109, 0.0366858
-0.60484, -5.08997
-2.78742, -9.00712
0.626635, 19.1219
21.2965, 21.1926
34.2428, 19.6161


0.00969185, 0.075019
-417.681, 200.617
89.9488, 116.871
1.35235, 0.503602
1.53732, 0.762372
-0.167786, -5.12315
-2.47585, -9.09774
0.397542, 19.127
21.1671, 21.3214
34.1631, 19.754


0.00919953, 0.075563
-420.894, 202.159
90.8728, 118.081
1.05352, 1.15364
1.02853, 1.34178
0.270523, -5.1194
-2.16137, -9.17763
0.168393, 19.1294
21.0368, 21.4494
34.0829, 19.8916


0.00870931, 0.0760698
-424.106, 203.7
91.7967, 119.291
0.445842, 1.48484
0.282439, 1.62629
0.706968, -5.07874
-1.84433, -9.2467
-0.0607792, 19.129
20.9058, 21.5767
34.0022, 20.0289


0.00822368, 0.0765402
-427.319, 205.242
92.7206, 120.501
-0.29805, 1.37704
-0.533775, 1.51334
1.13845, -5.00147
-1.52512, -9.30489
-0.289941, 19.1258
20.774, 21.7031
33.9208, 20.1659


0.00774481, 0.076975
-430.532, 206.784
93.6445, 121.711
-0.913527, 0.723954
-1.20028, 1.00358
1.56189, -4.88814
-1.20411, -9.35212
-0.51906, 19.1199
20.6414, 21.8287
33.839, 20.3025


0.00727405, 0.0773746
-433.745, 208.326
94.5683, 122.921
-0.883257, -0.382641
-1.52444, 0.231217
1.97429, -4.73956
-0.88166, -9.38835
-0.748102, 19.1112
20.5081, 21.9535
33.7565, 20.4388


0.00681357, 0.0777372
-436.958, 209.867
95.4921, 124.13
0.0313753, -1.03245
-1.42873, -0.583345
2.37273, -4.5568
-0.558163, -9.41354
-0.977034, 19.0998
20.374, 22.0775
33.6736, 20.5748


0.00636891, 0.0780629
-440.171, 211.409
96.4159, 125.34
0.928099, -0.87155
-0.969343, -1.23047
2.75437, -4.34115
-0.233994, -9.42766
-1.20582, 19.0856
20.2391, 22.2007
33.59, 20.7104


0.00594394, 0.0783543
-443.383, 212.951
97.3397, 126.55
1.42716, -0.300991
-0.285564, -1.57673
3.1165, -4.09414
0.0904693, -9.4307
-1.43444, 19.0687
20.1035, 22.323
33.5059, 20.8457


0.00554142, 0.0786141
-446.596, 214.492
98.2634, 127.76
1.47972, 0.388699
0.459676, -1.57432
3.45656, -3.81755
0.414846, -9.42265
-1.66284, 19.049
19.9671, 22.4445
33.4213, 20.9806


0.00516375, 0.0788446
-449.809, 216.034
99.1872, 128.969
1.10109, 0.987643
1.11481, -1.2438
3.77214, -3.51332
0.738759, -9.40355
-1.89101, 19.0266
19.83, 22.5652
33.3361, 21.1153


0.00481307, 0.0790486
-453.022, 217.576
100.111, 130.179
0.342704, 1.27163
1.55438, -0.656322
4.06101, -3.18363
1.06183, -9.3734
-2.11889, 19.0014
19.6922, 22.6851
33.2504, 21.2495


0.00449084, 0.0792294
-456.235, 219.117
101.035, 131.389
-0.593081, 0.929391
1.68691, 0.0768372
4.32112, -2.83081
1.38368, -9.33224
-2.34647, 18.9735
19.5536, 22.8041
33.1641, 21.3835


0.00419683, 0.0793899
-459.448, 220.659
101.958, 132.598
-0.996328, -0.170479
1.4662, 0.81045
4.55064, -2.45738
1.70393, -9.28013
-2.57371, 18.9429
19.4143, 22.9223
33.0773, 21.517


0.00393152, 0.0795296
-462.66, 222.201
102.882, 133.808
-0.487262, -1.04253
0.910766, 1.37664
4.74793, -2.06597
2.02222, -9.21714
-2.80058, 18.9095
19.2743, 23.0396
32.99, 21.6503


0.00369826, 0.0796502
-465.873, 223.742
103.805, 135.017
0.289132, -1.304
0.126613, 1.6156
4.91161, -1.65937
2.33817, -9.14333
-3.02703, 18.8733
19.1336, 23.1561
32.9021, 21.7831


0.00349931, 0.0797547
-469.086, 225.284
104.729, 136.227
0.964348, -1.07479
-0.691114, 1.43471
5.04053, -1.24045
2.65141, -9.05879
-3.25305, 18.8345
18.9921, 23.2717
32.8137, 21.9157


0.0033361, 0.0798466
-472.299, 226.826
105.653, 137.436
1.3561, -0.504906
-1.31205, 0.869969
5.13376, -0.812184
2.96159, -8.96363
-3.47859, 18.7929
18.85, 23.3864
32.7247, 22.0478


0.00320972, 0.0799291
-475.512, 228.367
106.576, 138.646
1.32528, 0.247655
-1.56888, 0.0865244
5.19067, -0.377605
3.26833, -8.85796
-3.70363, 18.7486
18.7071, 23.5003
32.6352, 22.1796


0.00312106, 0.0800059
-478.724, 229.909
107.5, 139.855
0.735951, 0.929338
-1.42107, -0.698621
5.21084, 0.0602092
3.57128, -8.74191
-3.92813, 18.7016
18.5636, 23.6133
32.5452, 22.3111


0.00307025, 0.0800816
-481.937, 231.451
108.423, 141.065
-0.372461, 1.00936
-0.940207, -1.30169
5.19413, 0.498161
3.8701, -8.6156
-4.15206, 18.6519
18.4193, 23.7255
32.4546, 22.4421


0.00305463, 0.08016
-485.15, 232.992
109.347, 142.274
-1.10787, 0.166437
-0.257886, -1.60969
5.14068, 0.933149
4.16443, -8.4792
-4.37538, 18.5995
18.2744, 23.8367
32.3635, 22.5728


0.0030727, 0.0802417
-488.363, 234.534
110.27, 143.484
-1.04027, -0.738844
0.476658, -1.57964
5.05085, 1.3621
4.45394, -8.33285
-4.59807, 18.5444
18.1288, 23.9471
32.2719, 22.7032


0.00312505, 0.0803282
-491.576, 236.075
111.194, 144.693
-0.525593, -1.29316
1.11915, -1.22684
4.92529, 1.78197
4.73828, -8.17674
-4.82008, 18.4867
17.9825, 24.0566
32.1797, 22.8332


0.00321181, 0.0804222
-494.788, 237.617
112.117, 145.902
0.154965, -1.41661
1.54188, -0.616583
4.76488, 2.18979
5.01714, -8.01105
-5.0414, 18.4262
17.8356, 24.1652
32.087, 22.9628


0.00333266, 0.0805266
-498.001, 239.159
113.04, 147.112
0.791003, -1.10062
1.64541, 0.138322
4.57077, 2.58267
5.29018, -7.83596
-5.26198, 18.3631
17.688, 24.2729
31.9938, 23.092


0.00348708, 0.0806443
-501.214, 240.7
113.964, 148.321
1.1518, -0.371841
1.37881, 0.880236
4.34432, 2.95784
5.55709, -7.65169
-5.4818, 18.2973
17.5397, 24.3797
31.9001, 23.2208


0.00367463, 0.0807783
-504.427, 242.242
114.887, 149.53
0.901894, 0.597629
0.770683, 1.42359
4.08713, 3.31263
5.81756, -7.45844
-5.70081, 18.2289
17.3908, 24.4856
31.8058, 23.3493


0.0038942, 0.0809334
-507.639, 243.784
115.811, 150.739
-0.155051, 1.10272
-0.0447821, 1.60388
3.80103, 3.64454
6.0713, -7.25646
-5.919, 18.1579
17.2412, 24.5906
31.711, 23.4774


0.00414101, 0.0811132
-510.852, 245.325
116.734, 151.949
-1.06821, 0.683779
-0.846445, 1.35368
3.48804, 3.95121
6.318, -7.04596
-6.13632, 18.0842
17.091, 24.6946
31.6158, 23.6051


0.00441165, 0.0813181
-514.065, 246.867
117.657, 153.158
-1.40523, -0.0589312
-1.41089, 0.748645
3.15038, 4.23047
6.55739, -6.8272
-6.35275, 18.0079
16.9402, 24.7978
31.5199, 23.7324


0.00470412, 0.0815488
-517.278, 248.409
118.581, 154.367
-1.24635, -0.75229
-1.6059, -0.0305638
2.79043, 4.48034
6.78919, -6.60043
-6.56826, 17.929
16.7887, 24.9
31.4236, 23.8593


0.00501644, 0.0818064
-520.491, 249.95
119.504, 155.576
-0.719345, -1.20028
-1.41816, -0.78312
2.41075, 4.69904
7.01312, -6.36592
-6.7828, 17.8474
16.6366, 25.0013
31.3268, 23.9859


0.00534657, 0.0820921
-523.703, 251.492
120.427, 156.785
0.0345247, -1.24674
-0.922299, -1.34841
2.01403, 4.88502
7.22894, -6.12393
-6.99636, 17.7634
16.4839, 25.1017
31.2294, 24.112


0.00569264, 0.0824065
-526.916, 253.034
121.35, 157.994
0.775978, -0.727273
-0.239247, -1.62505
1.60306, 5.03696
7.43639, -5.87476
-7.2089, 17.6767
16.3306, 25.2012
31.1315, 24.2378


0.00605361, 0.0827509
-530.129, 254.575
122.274, 159.203
0.965552, 0.372331
0.491539, -1.56898
1.18078, 5.15378
7.63524, -5.61868
-7.42038, 17.5875
16.1766, 25.2997
31.0332, 24.3632


0.00642793, 0.0831286
-533.342, 256.117
123.197, 160.413
0.202064, 1.18433
1.12719, -1.18919
0.750165, 5.23464
7.82526, -5.356
-7.63078, 17.4957
16.0221, 25.3973
30.9343, 24.4881


0.00681035, 0.0835418
-536.554, 257.658
124.12, 161.622
-0.701245, 1.20931
1.53292, -0.548375
0.314279, 5.27897
8.00622, -5.08701
-7.84007, 17.4014
15.8669, 25.4939
30.8349, 24.6127


0.00719668, 0.08399
-539.767, 259.2
125.043, 162.831
-1.30352, 0.755743
1.60001, 0.23269
-0.123788, 5.28644
8.17792, -4.81204
-8.04822, 17.3045
15.7112, 25.5896
30.735, 24.7369


0.00758371, 0.0844727
-542.98, 260.742
125.967, 164.04
-1.49554, 0.0919603
1.27803, 0.977462
-0.560925, 5.257
8.34016, -4.5314
-8.25518, 17.2052
15.5549, 25.6843
30.6346, 24.8606


0.00796839, 0.0849892
-546.193, 262.283
126.89, 165.249
-1.24497, -0.573994
0.616766, 1.48381
-0.994025, 5.19085
8.49276, -4.24542
-8.46095, 17.1033
15.398, 25.7781
30.5337, 24.984


0.00834779, 0.0855383
-549.405, 263.825
127.813, 166.458
-0.55277, -1.00765
-0.215984, 1.59622
-1.42001, 5.08846
8.63554, -3.95442
-8.66547, 16.999
15.2405, 25.8709
30.4323, 25.1069


0.0087194, 0.0861186
-552.618, 265.367
128.736, 167.667
0.441858, -0.852075
-0.985781, 1.28462
-1.83586, 4.95054
8.76834, -3.65874
-8.86874, 16.8922
15.0825, 25.9628
30.3304, 25.2295


0.00908247, 0.0867284
-555.831, 266.908
129.659, 168.875
1.04394, 0.153773
-1.49231, 0.655803
-2.2386, 4.77807
8.891, -3.35873
-9.0707, 16.7829
14.9239, 26.0537
30.228, 25.3516


0.00943588, 0.0873692
-559.043, 268.45
130.582, 170.084
0.718094, 1.09953
-1.63614, -0.110444
-2.62537, 4.57227
9.00338, -3.05473
-9.27134, 16.6712
14.7647, 26.1436
30.1251, 25.4733


0.00977536, 0.0880411
-562.256, 269.991
131.505, 171.293
0.0165378, 1.50873
-1.41854, -0.833203
-2.99342, 4.33461
9.10536, -2.7471
-9.47063, 16.5571
14.605, 26.2325
30.0217, 25.5946


0.0100974, 0.0887426
-565.469, 271.533
132.429, 172.502
-0.687415, 1.42254
-0.910044, -1.3683
-3.34013, 4.06677
9.19682, -2.43618
-9.66853, 16.4406
14.4448, 26.3205
29.9178, 25.7155


0.0103989, 0.0894714
-568.682, 273.075
133.352, 173.711
-1.18687, 0.945249
-0.221753, -1.61865
-3.66302, 3.77064
9.27765, -2.12235
-9.86501, 16.3217
14.284, 26.4075
29.8134, 25.8359


0.0106775, 0.0902253
-571.894, 274.616
134.275, 174.92
-1.31073, 0.199517
0.51185, -1.53553
-3.95979, 3.44835
9.34776, -1.80595
-10.0601, 16.2004
14.1226, 26.4935
29.7086, 25.956


0.0109304, 0.0910016
-575.107, 276.158
135.198, 176.129
-0.86774, -0.593059
1.14366, -1.12221
-4.22832, 3.10217
9.40707, -1.48736
-10.2536, 16.0768
13.9608, 26.5786
29.6032, 26.0756


0.0111558, 0.0917964
-578.32, 277.7
136.121, 177.338
0.211568, -0.8902
1.52774, -0.443564
-4.4667, 2.73458
9.45551, -1.16694
-10.4457, 15.9509
13.7984, 26.6626
29.4974, 26.1948


0.0113546, 0.0926059
-581.532, 279.241
137.044, 178.546
1.09179, -0.211892
1.54724, 0.363783
-4.67323, 2.34818
9.49303, -0.845066
-10.6363, 15.8226
13.6355, 26.7457
29.3911, 26.3135


0.0115271, 0.0934299
-584.745, 280.783
137.967, 179.755
1.20812, 0.681705
1.16189, 1.09965
-4.84642, 1.94574
9.51958, -0.522107
-10.8252, 15.692
13.4721, 26.8277
29.2843, 26.4319


0.0116713, 0.0942673
-587.958, 282.324
138.89, 180.964
0.819681, 1.32716
0.454277, 1.55365
-4.98505, 1.53011
9.53514, -0.198435
-11.0127, 15.5591
13.3082, 26.9088
29.177, 26.5498


0.0117854, 0.0951158
-591.171, 283.866
139.813, 182.173
0.178947, 1.5877
-0.378142, 1.59616
-5.08811, 1.10427
9.53968, 0.125576
-11.1984, 15.424
13.1438, 26.9888
29.0692, 26.6672


0.0118681, 0.0959728
-594.383, 285.408
140.736, 183.381
-0.511159, 1.40767
-1.10606, 1.23626
-5.15488, 0.67125
9.5332, 0.449553
-11.3826, 15.2866
12.979, 27.0679
28.961, 26.7842


0.0119182, 0.0968354
-597.596, 286.949
141.659, 184.59
-1.01557, 0.761827
-1.55948, 0.596321
-5.18487, 0.234132
9.51571, 0.77312
-11.5651, 15.1471
12.8136, 27.146
28.8523, 26.9008


0.0119342, 0.0977005
-600.809, 288.491
142.582, 185.799
-0.959582, -0.246746
-1.66243, -0.155041
-5.17787, -0.203962
9.48722, 1.09591
-11.7459, 15.0053
12.6477, 27.223
28.7431, 27.017


0.0119153, 0.098563
-604.021, 290.032
143.505, 187.008
-0.0165647, -0.940807
-1.42061, -0.854351
-5.13393, -0.639909
9.44778, 1.41754
-11.925, 14.8613
12.4814, 27.299
28.6335, 27.1327


0.0118643, 0.0994183
-607.234, 291.574
144.428, 188.216
0.951755, -0.710228
-0.897586, -1.36656
-5.05337, -1.0706
9.39742, 1.73764
-12.1023, 14.7152
12.3146, 27.374
28.5233, 27.248


0.0117833, 0.100265
-610.447, 293.116
145.351, 189.425
1.42773, -0.0555476
-0.197482, -1.59323
-4.93674, -1.49296
9.3362, 2.05585
-12.2779, 14.5669
12.1474, 27.448
28.4127, 27.3628


0.0116732, 0.101101
-613.659, 294.657
146.274, 190.634
1.41382, 0.653033
0.544701, -1.47907
-4.7849, -1.90398
9.2642, 2.3718
-12.4516, 14.4165
11.9797, 27.521
28.3017, 27.4771


0.0115348, 0.101925
-616.872, 296.199
147.196, 191.842
0.990112, 1.2003
1.17192, -1.02418
-4.59891, -2.30074
9.18149, 2.68512
-12.6236, 14.264
11.8115, 27.5929
28.1902, 27.5911


0.011369, 0.102735
-620.085, 297.74
148.119, 193.051
0.258989, 1.40253
1.52465, -0.302943
-4.38012, -2.68039
9.08818, 2.99546
-12.7937, 14.1095
11.643, 27.6638
28.0782, 27.7045


0.0111768, 0.103528
-623.298, 299.282
149.042, 194.26
-0.57904, 1.04365
1.48386, 0.52378
-4.13008, -3.04024
8.98436, 3.30244
-12.9619, 13.9529
11.4739, 27.7337
27.9657, 27.8176


0.0109583, 0.104304
-626.51, 300.824
149.965, 195.468
-0.985574, -0.00258046
1.03306, 1.23349
-3.85057, -3.37772
8.87016, 3.60572
-13.1282, 13.7942
11.3045, 27.8026
27.8528, 27.9301


0.0107134, 0.105056
-629.723, 302.365
150.888, 196.677
-0.402293, -0.942683
0.292952, 1.6236
-3.54359, -3.69043
8.7457, 3.90495
-13.2926, 13.6336
11.1346, 27.8704
27.7395, 28.0422


0.0104464, 0.105783
-632.936, 303.907
151.811, 197.885
0.470088, -1.14931
-0.523759, 1.60156
-3.21133, -3.97614
8.61114, 4.19979
-13.455, 13.4709
10.9643, 27.9371
27.6257, 28.1539


0.0101609, 0.106482
-636.148, 305.448
152.734, 199.094
1.14995, -0.830365
-1.20716, 1.2062
-2.85616, -4.23283
8.46662, 4.48988
-13.6155, 13.3064
10.7936, 28.0029
27.5114, 28.2651


0.00985959, 0.107152
-639.361, 306.99
153.657, 200.302
1.4749, -0.219734
-1.61483, 0.561722
-2.48061, -4.45866
8.31231, 4.7749
-13.7739, 13.1398
10.6225, 28.0676
27.3967, 28.3758


0.00954526, 0.107792
-642.574, 308.532
154.579, 201.511
1.36666, 0.487529
-1.68417, -0.177455
-2.08736, -4.65204
8.14839, 5.05451
-13.9304, 12.9714
10.451, 28.1312
27.2815, 28.486


0.00922068, 0.108402
-645.786, 310.073
155.502, 202.719
0.773503, 1.05909
-1.41924, -0.860382
-1.6792, -4.81159
7.97504, 5.32839
-14.0848, 12.8011
10.2791, 28.1938
27.1659, 28.5958


0.00888838, 0.108983
-648.999, 311.615
156.425, 203.928
-0.240752, 1.10684
-0.87649, -1.35495
-1.25904, -4.93618
7.79247, 5.59623
-14.2371, 12.6289
10.1069, 28.2553
27.0498, 28.7052


0.00854924, 0.109533
-652.212, 313.156
157.348, 205.137
-1.02562, 0.237663
-0.156945, -1.55726
-0.829877, -5.02492
7.60089, 5.85771
-14.3874, 12.4549
9.9342, 28.3158
26.9333, 28.814


0.0082041, 0.110052
-655.424, 314.698
158.271, 206.345
-0.896604, -0.744769
0.597803, -1.40494
-0.394757, -5.07721
7.40051, 6.11253
-14.5355, 12.279
9.76118, 28.3752
26.8163, 28.9224


0.00785724, 0.110535
-658.637, 316.24
159.193, 207.553
-0.298426, -1.28402
1.2153, -0.900068
0.0432246, -5.09266
7.19156, 6.36039
-14.6815, 12.1014
9.58779, 28.4336
26.6989, 29.0303


0.0075127, 0.110984
-661.85, 317.781
160.116, 208.762
0.404986, -1.34421
1.52349, -0.136359
0.480956, -5.07117
6.97429, 6.60101
-14.8253, 11.922
9.41404, 28.4909
26.5811, 29.1377


0.00717409, 0.111399
-665.062, 319.323
161.039, 209.97
0.992612, -0.98055
1.41335, 0.695566
0.915328, -5.01291
6.74895, 6.83411
-14.967, 11.7409
9.23994, 28.5472
26.4628, 29.2447


0.00684483, 0.111781
-668.275, 320.864
161.962, 211.179
1.27056, -0.273795
0.904913, 1.362
1.34326, -4.91829
6.51579, 7.05941
-15.1065, 11.5581
9.06549, 28.6024
26.3441, 29.3512


0.00652844, 0.112131
-671.488, 322.406
162.884, 212.387
1.00059, 0.600096
0.150274, 1.68566
1.76171, -4.78799
6.27509, 7.27666
-15.2437, 11.3736
8.8907, 28.6565
26.225, 29.4572


0.00622813, 0.112451
-674.7, 323.948
163.807, 213.596
-0.00140914, 1.11462
-0.640794, 1.61043
2.16771, -4.62294
6.02712, 7.48559
-15.3787, 11.1875
8.71558, 28.7095
26.1054, 29.5627


0.0059443, 0.112744
-677.913, 325.489
164.73, 214.804
-0.995811, 0.633515
-1.28292, 1.19039
2.55839, -4.42431
5.77217, 7.68598
-15.5114, 10.9997
8.54014, 28.7615
25.9854, 29.6677


0.00567739, 0.113011
-681.126, 327.031
165.653, 216.013
-1.29415, -0.209451
-1.65323, 0.54306
2.93098, -4.19352
5.51053, 7.87757
-15.6419, 10.8103
8.36437, 28.8124
25.865, 29.7723


0.00543028, 0.113251
-684.338, 328.572
166.575, 217.221
-1.0513, -0.918182
-1.69391, -0.189726
3.28284, -3.9322
5.2425, 8.06016
-15.7701, 10.6193
8.18829, 28.8622
25.7442, 29.8763


0.0052059, 0.113466
-687.551, 330.114
167.498, 218.429
-0.480237, -1.3066
-1.40417, -0.863619
3.61147, -3.64222
4.9684, 8.23352
-15.8959, 10.4268
8.01191, 28.911
25.6229, 29.9799


0.00500695, 0.113656
-690.764, 331.656
168.421, 219.638
0.234483, -1.27491
-0.834956, -1.3438
3.91456, -3.32563
4.68854, 8.39745
-16.0194, 10.2328
7.83522, 28.9586
25.5012, 30.083


0.0048361, 0.113825
-693.976, 333.197
169.343, 220.846
0.866934, -0.745134
-0.0892494, -1.51781
4.18995, -2.98468
4.40324, 8.55176
-16.1406, 10.0373
7.65825, 29.0052
25.3791, 30.1856


0.00469634, 0.113974
-697.189, 334.739
170.266, 222.054
1.02112, 0.26118
0.678056, -1.31807
4.4357, -2.62178
4.11284, 8.69628
-16.2594, 9.84037
7.48098, 29.0507
25.2565, 30.2877


0.00459069, 0.114107
-700.401, 336.28
171.189, 223.263
0.237075, 1.13158
1.2755, -0.756974
4.65008, -2.23951
3.81767, 8.83082
-16.3757, 9.64197
7.30344, 29.0951
25.1336, 30.3893


0.00451834, 0.114231
-703.614, 337.822
172.112, 224.471
-0.751435, 1.107
1.52555, 0.0422453
4.83157, -1.84057
3.51807, 8.95523
-16.4897, 9.44218
7.12562, 29.1384
25.0102, 30.4904


0.00447867, 0.114346
-706.827, 339.363
173.034, 225.679
-1.35085, 0.571459
1.34486, 0.861824
4.97887, -1.42779
3.21439, 9.06937
-16.6013, 9.24102
6.94753, 29.1807
24.8865, 30.591


0.00447232, 0.114454
-710.039, 340.905
173.957, 226.888
-1.48708, -0.120301
0.793423, 1.4746
5.09097, -1.00408
2.90698, 9.1731
-16.7104, 9.03851
6.76918, 29.2218
24.7623, 30.6911


0.00449998, 0.114557
-713.252, 342.447
174.879, 228.096
-1.18999, -0.743865
0.0390768, 1.73749
5.16705, -0.572459
2.59621, 9.26629
-16.817, 8.8347
6.59058, 29.2619
24.6377, 30.7907


0.00456218, 0.114658
-716.465, 343.988
175.802, 229.304
-0.517566, -1.09771
-0.723324, 1.62097
5.20659, -0.135969
2.28242, 9.34884
-16.9212, 8.6296
6.41173, 29.3008
24.5127, 30.8898


0.00465946, 0.11476
-719.677, 345.53
176.725, 230.513
0.38189, -0.924445
-1.33024, 1.18275
5.2093, 0.302298
1.96599, 9.42065
-17.0229, 8.42324
6.23265, 29.3387
24.3873, 30.9883


0.00479323, 0.114863
-722.89, 347.071
177.647, 231.721
1.00221, 0.0178931
-1.66996, 0.530764
5.17516, 0.73924
1.64729, 9.48163
-17.122, 8.21567
6.05332, 29.3755
24.2615, 31.0864


0.00496526, 0.114974
-726.103, 348.613
178.57, 232.929
0.631499, 1.0566
-1.68373, -0.202154
5.10443, 1.17176
1.32667, 9.53171
-17.2187, 8.0069
5.87378, 29.4111
24.1353, 31.184


0.0051733, 0.115097
-729.315, 350.155
179.493, 234.137
-0.172218, 1.44448
-1.36458, -0.872547
4.99758, 1.59681
1.00453, 9.57082
-17.3128, 7.79697
5.69401, 29.4457
24.0087, 31.281


0.00541501, 0.115235
-732.528, 351.696
180.415, 235.346
-0.902364, 1.28129
-0.760971, -1.33784
4.85538, 2.01137
0.681226, 9.59893
-17.4044, 7.58592
5.51402, 29.4792
23.8817, 31.3776


0.00568873, 0.11539
-735.74, 353.238
181.338, 236.554
-1.35118, 0.756772
0.0155221, -1.47537
4.67884, 2.4125
0.357143, 9.61599
-17.4934, 7.37376
5.33384, 29.5115
23.7544, 31.4736


0.00599286, 0.115564
-738.953, 354.779
182.26, 237.762
-1.39859, 0.0425359
0.789593, -1.21772
4.46919, 2.79737
0.0326582, 9.62198
-17.5798, 7.16054
5.15345, 29.5428
23.6266, 31.5691


0.00632563, 0.115759
-742.166, 356.321
183.183, 238.97
-0.941147, -0.64544
1.35183, -0.599575
4.22793, 3.16325
-0.29185, 9.6169
-17.6637, 6.94628
4.97286, 29.5729
23.4984, 31.6641


0.00668529, 0.115977
-745.378, 357.862
184.106, 240.178
0.0440772, -0.909394
1.53384, 0.220765
3.95676, 3.50753
-0.616003, 9.60074
-17.7449, 6.73101
4.7921, 29.602
23.3699, 31.7586


0.00707161, 0.116218
-748.591, 359.404
185.028, 241.387
0.994704, -0.224095
1.29011, 1.01194
3.65759, 3.82779
-0.93942, 9.57352
-17.8235, 6.51477
4.61115, 29.6299
23.2409, 31.8526


0.00748492, 0.116487
-751.804, 360.946
185.951, 242.595
1.07895, 0.759783
0.711544, 1.56938
3.33255, 4.12175
-1.26172, 9.53528
-17.8995, 6.29759
4.43002, 29.6567
23.1116, 31.946


0.00792191, 0.116787
-755.016, 362.487
186.873, 243.803
0.614299, 1.41414
-0.0342702, 1.78163
2.98393, 4.38732
-1.58254, 9.48605
-17.9729, 6.0795
4.24874, 29.6825
22.9819, 32.0389


0.00837903, 0.117121
-758.229, 364.029
187.796, 245.011
-0.0567776, 1.62682
-0.7709, 1.63348
2.6142, 4.62261
-1.90149, 9.42588
-18.0436, 5.86054
4.06729, 29.7071
22.8519, 32.1313


0.00885294, 0.11749
-761.441, 365.57
188.718, 246.219
-0.708933, 1.40202
-1.35023, 1.17937
2.22599, 4.82595
-2.21819, 9.35486
-18.1117, 5.64073
3.88569, 29.7306
22.7214, 32.2231


0.00934025, 0.117895
-764.654, 367.112
189.641, 247.428
-1.13577, 0.774088
-1.66463, 0.518314
1.82204, 4.99589
-2.53229, 9.27305
-18.177, 5.4201
3.70394, 29.7529
22.5906, 32.3145


0.00983728, 0.118338
-767.867, 368.653
190.563, 248.636
-1.06448, -0.139247
-1.65072, -0.221235
1.40523, 5.13123
-2.8434, 9.18055
-18.2397, 5.1987
3.52206, 29.7742
22.4594, 32.4053


0.0103402, 0.118817
-771.079, 370.195
191.486, 249.844
-0.196432, -0.86152
-1.29575, -0.891017
0.978505, 5.23099
-3.15117, 9.07746
-18.2998, 4.97655
3.34004, 29.7943
22.3278, 32.4955


0.0108478, 0.11933
-774.292, 371.737
192.408, 251.052
0.877215, -0.609011
-0.650514, -1.33636
0.5449, 5.29446
-3.45522, 8.9639
-18.3571, 4.75369
3.1579, 29.8134
22.1959, 32.5853


0.0113595, 0.11988
-777.505, 373.278
193.331, 252.26
1.35336, 0.145839
0.156526, -1.42555
0.107496, 5.32119
-3.75521, 8.84
-18.4117, 4.53014
2.97564, 29.8313
22.0636, 32.6745


0.0118722, 0.120468
-780.717, 374.82
194.253, 253.468
1.27454, 0.88999
0.92475, -1.10149
-0.330599, 5.31099
-4.05078, 8.70591
-18.4636, 4.30595
2.79326, 29.8481
21.9309, 32.7631


0.0123823, 0.121095
-783.93, 376.361
195.176, 254.676
0.805159, 1.39617
1.43572, -0.433055
-0.76627, 5.26391
-4.34158, 8.56177
-18.5128, 4.08114
2.61079, 29.8638
21.7979, 32.8512


0.0128865, 0.121761
-787.142, 377.903
196.098, 255.884
0.101535, 1.52569
1.54725, 0.390914
-1.19642, 5.1803
-4.62727, 8.40775
-18.5592, 3.85575
2.42821, 29.8783
21.6645, 32.9388


0.0133809, 0.122466
-790.355, 379.444
197.021, 257.092
-0.633957, 1.15094
1.25287, 1.14371
-1.61798, 5.06074
-4.90751, 8.24403
-18.6029, 3.62981
2.24554, 29.8918
21.5308, 33.0259


0.0138616, 0.123209
-793.568, 380.986
197.943, 258.301
-1.00876, 0.203173
0.65925, 1.65001
-2.02795, 4.90608
-5.18197, 8.07079
-18.6439, 3.40335
2.06279, 29.9041
21.3967, 33.1124


0.0143237, 0.123987
-796.78, 382.528
198.866, 259.509
-0.436046, -0.818641
-0.0761131, 1.82113
-2.42342, 4.71743
-5.45033, 7.88823
-18.6821, 3.17642
1.87996, 29.9153
21.2622, 33.1983


0.0147662, 0.124796
-799.993, 384.069
199.788, 260.717
0.531669, -1.01367
-0.7931, 1.64659
-2.80156, 4.49613
-5.71227, 7.69657
-18.7176, 2.94903
1.69706, 29.9253
21.1274, 33.2837


0.0151883, 0.125637
-803.205, 385.611
200.711, 261.925
1.23492, -0.62623
-1.35218, 1.17457
-3.15968, 4.24374
-5.96748, 7.49602
-18.7503, 2.72123
1.5141, 29.9343
20.9923, 33.3686


0.0155878, 0.126507
-806.418, 387.152
201.633, 263.133
1.52352, 0.016819
-1.64415, 0.497683
-3.49523, 3.96208
-6.21566, 7.28681
-18.7803, 2.49305
1.33108, 29.9421
20.8568, 33.4529


0.0159625, 0.127405
-809.631, 388.694
202.556, 264.341
1.37578, 0.691622
-1.59876, -0.254598
-3.80582, 3.65315
-6.45653, 7.06919
-18.8074, 2.26453
1.14801, 29.9488
20.7209, 33.5367


0.0163101, 0.128331
-812.843, 390.235
203.478, 265.549
0.801869, 1.18962
-1.19994, -0.923217
-4.08923, 3.31915
-6.68979, 6.84341
-18.8318, 2.03569
0.964897, 29.9544
20.5848, 33.6199


0.0166284, 0.129282
-816.056, 391.777
204.401, 266.757
-0.11332, 1.22662
-0.50851, -1.33879
-4.34345, 2.96247
-6.91518, 6.60974
-18.8534, 1.80657
0.781748, 29.9588
20.4482, 33.7026


0.0169144, 0.130256
-819.268, 393.318
205.323, 267.965
-0.932242, 0.450331
0.321445, -1.36703
-4.56667, 2.58565
-7.13243, 6.36844
-18.8723, 1.5772
0.59857, 29.9622
20.3114, 33.7847


0.0171638, 0.13125
-822.481, 394.86
206.245, 269.173
-0.8068, -0.6444
1.06601, -0.975508
-4.75729, 2.19137
-7.34128, 6.1198
-18.8883, 1.34763
0.415369, 29.9644
20.1742, 33.8662


0.0173767, 0.132259
-825.694, 396.402
207.168, 270.381
-0.112784, -1.20384
1.51469, -0.27178
-4.91396, 1.78245
-7.5415, 5.86412
-18.9016, 1.11787
0.232154, 29.9655
20.0367, 33.9472


0.0175534, 0.133279
-828.906, 397.943
208.09, 271.589
0.635008, -1.21096
1.56195, 0.540272
-5.03556, 1.36181
-7.73284, 5.60168
-18.9121, 0.887973
0.0489292, 29.9654
19.8988, 34.0277


0.0176938, 0.134308
-832.119, 399.485
209.013, 272.797
1.19203, -0.802794
1.23009, 1.25243
-5.12125, 0.932436
-7.91507, 5.33281
-18.9198, 0.657964
-0.134297, 29.9643
19.7606, 34.1076


0.0177976, 0.135343
-835.331, 401.026
209.935, 274.005
1.40274, -0.118291
0.627946, 1.71534
-5.1704, 0.497401
-8.08799, 5.05781
-18.9246, 0.427879
-0.317517, 29.962
19.6221, 34.1869


0.0178649, 0.136383
-838.544, 402.568
210.858, 275.213
1.11723, 0.657086
-0.0998024, 1.85306
-5.18267, 0.0597999
-8.25139, 4.77701
-18.9267, 0.197752
-0.500725, 29.9585
19.4833, 34.2656


0.0178959, 0.137424
-841.757, 404.109
211.78, 276.421
0.220946, 1.14319
-0.804488, 1.65382
-5.15799, -0.377249
-8.40507, 4.49074
-18.9261, -0.032383
-0.683914, 29.954
19.3441, 34.3438


0.0178893, 0.138467
-844.969, 405.651
212.702, 277.629
-0.863343, 0.698202
-1.34901, 1.15916
-5.09654, -0.810633
-8.54886, 4.19935
-18.9226, -0.262493
-0.867077, 29.9483
19.2047, 34.4215


0.0178426, 0.139506
-848.182, 407.192
213.625, 278.837
-1.17317, -0.238742
-1.61825, 0.458882
-4.99875, -1.23727
-8.68257, 3.90317
-18.9163, -0.492542
-1.05021, 29.9415
19.0649, 34.4985


0.0177569, 0.140536
-851.394, 408.734
214.547, 280.045
-0.872733, -0.981867
-1.53436, -0.310375
-4.86533, -1.65412
-8.80607, 3.60254
-18.9072, -0.722499
-1.2333, 29.9336
18.9248, 34.575


0.017634, 0.141554
-854.607, 410.276
215.47, 281.253
-0.269578, -1.34337
-1.08294, -0.972869
-4.69723, -2.05822
-8.91918, 3.29784
-18.8954, -0.952327
-1.41634, 29.9246
18.7843, 34.651


0.0174756, 0.142557
-857.819, 411.817
216.392, 282.461
0.416543, -1.27568
-0.345148, -1.34535
-4.49566, -2.44669
-9.02179, 2.98941
-18.8807, -1.18199
-1.59933, 29.9144
18.6436, 34.7263


0.0172838, 0.143542
-861.032, 413.359
217.314, 283.669
0.977839, -0.764518
0.493551, -1.30358
-4.26205, -2.81678
-9.11376, 2.67763
-18.8633, -1.41147
-1.78226, 29.9031
18.5026, 34.8011


0.0170611, 0.144507
-864.245, 414.9
218.237, 284.877
1.1232, 0.139804
1.19752, -0.852571
-3.99808, -3.16585
-9.195, 2.36285
-18.8431, -1.64071
-1.96512, 29.8907
18.3612, 34.8753


0.0168106, 0.14545
-867.457, 416.442
219.159, 286.085
0.451263, 1.04759
1.58151, -0.131315
-3.70561, -3.49143
-9.26539, 2.04545
-18.8201, -1.86969
-2.1479, 29.8771
18.2196, 34.949


0.016533, 0.146371
-870.67, 417.983
220.081, 287.293
-0.653458, 1.05672
1.57546, 0.658914
-3.38674, -3.7912
-9.32486, 1.72581
-18.7943, -2.09837
-2.33061, 29.8625
18.0776, 35.022


0.0162279, 0.147269
-873.882, 419.525
221.004, 288.5
-1.29426, 0.435453
1.21664, 1.33315
-3.04373, -4.06303
-9.37333, 1.4043
-18.7657, -2.32672
-2.51322, 29.8467
17.9354, 35.0945


0.0158972, 0.148139
-877.095, 421.066
221.926, 289.708
-1.39261, -0.305147
0.607946, 1.76054
-2.67902, -4.305
-9.41075, 1.0813
-18.7344, -2.55471
-2.69574, 29.8298
17.7929, 35.1664


0.0155436, 0.148978
-880.308, 422.608
222.848, 290.916
-1.05619, -0.905872
-0.117585, 1.86974
-2.2952, -4.5154
-9.43707, 0.757194
-18.7003, -2.7823
-2.87816, 29.8117
17.65, 35.2378


0.0151702, 0.149786
-883.52, 424.15
223.771, 292.124
-0.404635, -1.19646
-0.817232, 1.64422
-1.89501, -4.69271
-9.45226, 0.432368
-18.6635, -3.00945
-3.06047, 29.7926
17.5069, 35.3085


0.0147801, 0.150559
-886.733, 425.691
224.693, 293.332
0.396596, -1.00704
-1.35059, 1.12012
-1.48127, -4.8357
-9.4563, 0.107202
-18.6239, -3.23614
-3.24266, 29.7723
17.3635, 35.3787


0.014377, 0.151297
-889.945, 427.233
225.615, 294.54
0.986983, -0.178503
-1.59321, 0.389527
-1.05694, -4.94335
-9.44918, -0.217919
-18.5815, -3.46234
-3.42473, 29.7509
17.2198, 35.4483


0.0139659, 0.152
-893.158, 428.774
226.538, 295.748
0.679462, 0.954465
-1.46129, -0.3966
-0.625013, -5.01488
-9.43091, -0.54261
-18.5364, -3.688
-3.60667, 29.7284
17.0758, 35.5173


0.0135489, 0.152669
-896.37, 430.316
227.46, 296.956
-0.215423, 1.37917
-0.951017, -1.04207
-0.188563, -5.0498
-9.40151, -0.866488
-18.4886, -3.91309
-3.78847, 29.7047
16.9315, 35.5857


0.0131268, 0.153305
-899.583, 431.857
228.382, 298.164
-0.992424, 1.17238
-0.174315, -1.3576
0.249317, -5.04786
-9.36102, -1.18917
-18.4381, -4.13759
-3.97013, 29.68
16.787, 35.6536


0.0127019, 0.153906
-902.796, 433.399
229.305, 299.371
-1.42674, 0.618277
0.655504, -1.24507
0.685521, -5.00906
-9.30949, -1.51027
-18.3848, -4.36145
-4.15164, 29.6541
16.6422, 35.7208


0.0122771, 0.154472
-906.008, 434.94
230.227, 300.579
-1.44504, -0.0700575
1.30918, -0.749262
1.11696, -4.93368
-9.24697, -1.82942
-18.3288, -4.58465
-4.33299, 29.6271
16.4971, 35.7875


0.0118553, 0.155003
-909.221, 436.482
231.149, 301.787
-1.00875, -0.688384
1.6345, -0.0246951
1.54056, -4.82226
-9.17353, -2.14624
-18.2701, -4.80715
-4.51418, 29.599
16.3517, 35.8535


0.0114395, 0.155498
-912.433, 438.024
232.072, 302.995
-0.132697, -0.943355
1.58689, 0.741128
1.95333, -4.67557
-9.08927, -2.46034
-18.2088, -5.02892
-4.69519, 29.5698
16.206, 35.919


0.0110333, 0.155957
-915.646, 439.565
232.994, 304.203
0.849269, -0.391122
1.20749, 1.38358
2.35235, -4.49466
-8.99429, -2.77137
-18.1447, -5.24992
-4.87603, 29.5394
16.0601, 35.9839


0.0106424, 0.156382
-918.858, 441.107
233.916, 305.411
0.99544, 0.706558
0.590573, 1.7823
2.73477, -4.2808
-8.88869, -3.07895
-18.078, -5.47013
-5.05668, 29.508
15.9139, 36.0482


0.010269, 0.156777
-922.071, 442.648
234.838, 306.619
0.45558, 1.42094
-0.139074, 1.86493
3.0979, -4.0355
-8.7726, -3.38272
-18.0086, -5.68951
-5.23714, 29.4754
15.7675, 36.1119


0.00991383, 0.157144
-925.284, 444.19
235.761, 307.826
-0.269224, 1.61024
-0.839084, 1.60869
3.43914, -3.7605
-8.64617, -3.68232
-17.9365, -5.90803
-5.4174, 29.4418
15.6208, 36.175


0.00957855, 0.157486
-928.496, 445.731
236.683, 309.034
-0.907854, 1.35099
-1.36054, 1.04719
3.75609, -3.45774
-8.50953, -3.9774
-17.8618, -6.12566
-5.59746, 29.407
15.4738, 36.2375


0.0092647, 0.157802
-931.709, 447.273
237.605, 310.242
-1.27754, 0.741859
-1.56771, 0.281602
4.04648, -3.12937
-8.36285, -4.26761
-17.7844, -6.34236
-5.7773, 29.3711
15.3266, 36.2995


0.00897374, 0.158095
-934.921, 448.814
238.528, 311.45
-1.19123, -0.0742518
-1.37643, -0.515265
4.30827, -2.7777
-8.20631, -4.55261
-17.7045, -6.55811
-5.95692, 29.3341
15.1792, 36.3608


0.00870687, 0.158367
-938.134, 450.356
239.45, 312.658
-0.447963, -0.763201
-0.80608, -1.1279
4.53958, -2.40522
-8.0401, -4.83206
-17.6219, -6.77286
-6.13632, 29.296
15.0314, 36.4215


0.0084665, 0.158616
-941.346, 451.897
240.372, 313.865
0.715067, -0.605129
-0.00487416, -1.37615
4.73877, -2.01458
-7.8644, -5.10563
-17.5367, -6.9866
-6.31548, 29.2568
14.8835, 36.4816


0.00825726, 0.158848
-944.559, 453.439
241.294, 315.073
1.25084, 0.230957
0.800061, -1.19992
4.90443, -1.60852
-7.67942, -5.37301
-17.449, -7.19928
-6.49441, 29.2165
14.7352, 36.5411


0.00808044, 0.159065
-947.771, 454.98
242.217, 316.281
1.14226, 1.02962
1.40147, -0.674345
5.03538, -1.18994
-7.4854, -5.63387
-17.3587, -7.41088
-6.67309, 29.1751
14.5868, 36.6


0.00793629, 0.159272
-950.984, 456.522
243.139, 317.489
0.645673, 1.53041
1.67739, 0.0459387
5.13067, -0.761795
-7.28255, -5.88792
-17.2658, -7.62137
-6.85151, 29.1326
14.4381, 36.6583


0.00782492, 0.159472
-954.197, 458.064
244.061, 318.697
-0.035311, 1.63466
1.59705, 0.790395
5.18963, -0.327116
-7.07111, -6.13484
-17.1703, -7.83071
-7.02968, 29.089
14.2891, 36.716


0.0077462, 0.159668
-957.409, 459.605
244.983, 319.904
-0.702848, 1.27996
1.19888, 1.40863
5.21184, 0.111014
-6.85135, -6.37436
-17.0724, -8.03887
-7.20758, 29.0443
14.14, 36.7731


0.00769945, 0.159863
-960.622, 461.147
245.906, 321.112
-1.06603, 0.445461
0.569057, 1.78389
5.19712, 0.549488
-6.62351, -6.60619
-16.9719, -8.24583
-7.3852, 28.9985
13.9906, 36.8296


0.0076832, 0.160059
-963.834, 462.688
246.828, 322.32
-0.646331, -0.597274
-0.171373, 1.83904
5.14559, 0.985197
-6.38787, -6.83006
-16.8689, -8.45155
-7.56254, 28.9516
13.8409, 36.8855


